
 3 chains, each with 12000 iterations (first 2000 discarded), n.thin = 10
 n.sims = 3000 iterations saved
           mean    sd    2.5%     25%     50%     75%   97.5%  Rhat n.eff
beta[1] 152.613 0.319 151.985 152.404 152.609 152.819 153.258 1.001  3000
beta[2]   4.046 0.549   2.959   3.720   4.039   4.361   5.160 1.002  2400
beta[3]   1.161 0.780  -0.439   0.697   1.174   1.650   2.644 1.002  2000
r[1,1]    0.598 0.505  -0.310   0.240   0.565   0.919   1.657 1.001  2500
r[2,1]    0.280 0.658  -0.964  -0.088   0.203   0.657   1.662 1.001  3000
r[1,2]    0.961 0.505   0.047   0.611   0.942   1.301   1.992 1.001  3000
r[2,2]    0.495 0.696  -0.657   0.019   0.408   0.904   2.055 1.001  3000
r[1,3]   -0.014 0.460  -0.912  -0.325  -0.015   0.290   0.917 1.001  3000
r[2,3]   -0.646 0.680  -2.208  -1.054  -0.551  -0.136   0.444 1.001  2900
r[1,4]   -0.044 0.470  -1.016  -0.352  -0.029   0.263   0.866 1.001  3000
r[2,4]    0.031 0.645  -1.335  -0.292   0.014   0.391   1.278 1.001  3000
r[1,5]    0.172 0.470  -0.727  -0.143   0.160   0.469   1.131 1.001  3000
r[2,5]    0.187 0.634  -1.007  -0.164   0.122   0.531   1.590 1.001  3000
r[1,6]    0.095 0.494  -0.889  -0.217   0.081   0.413   1.075 1.001  3000
r[2,6]    0.552 0.673  -0.522   0.051   0.456   0.935   2.102 1.001  3000
r[1,7]   -0.070 0.468  -0.987  -0.373  -0.067   0.221   0.891 1.001  3000
r[2,7]   -0.423 0.669  -1.965  -0.788  -0.327  -0.004   0.735 1.001  3000
r[1,8]    0.011 0.461  -0.919  -0.285  -0.001   0.310   0.948 1.001  2500
r[2,8]   -0.350 0.649  -1.772  -0.724  -0.254   0.042   0.851 1.002  1700
r[1,9]   -0.862 0.476  -1.841  -1.165  -0.848  -0.538   0.017 1.001  3000
r[2,9]   -0.559 0.643  -1.954  -0.944  -0.478  -0.089   0.474 1.001  3000
r[1,10]  -0.868 0.531  -2.003  -1.202  -0.836  -0.491   0.069 1.001  3000
r[2,10]   0.419 0.665  -0.770  -0.009   0.343   0.793   1.921 1.001  2900
sd[1]     0.794 0.318   0.296   0.578   0.752   0.952   1.547 1.001  3000
sd[2]     0.809 0.477   0.049   0.483   0.766   1.067   1.887 1.025   390

For each parameter, n.eff is a crude measure of effective sample size,
and Rhat is the potential scale reduction factor (at convergence, Rhat=1).
